V: 8
E: 11
P1: 0 1 2 3 4 5 6 7
P2: 