V: 8
E: 7
P1: 0 2 4 6
P2: 1 3 5 7